  COHP#       atomMU       atomNU     distance     translation      ICOHP (at) eF   for spin  1
      1          Sc2          Sc1      2.95317       0   0  -1           -0.39657 
      2          Sc2          Sc1      2.95326       1   0  -1           -0.39528 
      3          Sc2          Sc1      2.95317       0   0   0           -0.39610 
      4          Sc2          Sc1      2.95326       1   0   0           -0.39605 
      5           H3          Sc1      2.88838       0   0  -1           -0.01184 
      6           H3          Sc1      2.03243       0   0   0           -0.79468 
      7           H4          Sc1      1.84438       0   0   0           -1.38704 
      8           H5          Sc1      2.88839       0   0  -1           -0.01166 
      9           H5          Sc1      2.03239       0   0   0           -0.79662 
     10           H6          Sc1      1.82657       0  -1   0           -1.28229 
     11           H6          Sc1      1.84656       1   0   0           -1.20133 
     12           H7          Sc1      1.82688       0   0   0           -1.42171 
     13           H7          Sc1      1.82686       1   0   0           -1.42228 
     14           H8          Sc1      1.82656       0  -1   0           -1.28253 
     15           H8          Sc1      1.84656       0   0   0           -1.20062 
     16           H9          Sc1      1.82657       0  -1   0           -1.28334 
     17           H9          Sc1      1.84656       1   0   0           -1.20099 
     18          H10          Sc1      1.82656       0  -1   0           -1.28309 
     19          H10          Sc1      1.84657       0   0   0           -1.20215 
     20          H11          Sc1      1.82688       0   0   0           -1.42291 
     21          H11          Sc1      1.82686       1   0   0           -1.42161 
     22          H12          Sc1      2.03243       0   0  -1           -0.79681 
     23          H12          Sc1      2.88839       0   0   0           -0.01165 
     24          H13          Sc1      2.03239       0   0  -1           -0.79478 
     25          H13          Sc1      2.88839       0   0   0           -0.01185 
     26          H14          Sc1      1.84438       0   0  -1           -1.38686 
     27           H3          Sc2      1.84656      -1   0   0           -1.20025 
     28           H3          Sc2      1.82657       0   1   0           -1.28681 
     29           H4          Sc2      1.82686      -1   0   0           -1.42439 
     30           H4          Sc2      1.82688       0   0   0           -1.42550 
     31           H5          Sc2      1.84656       0   0   0           -1.20253 
     32           H5          Sc2      1.82656       0   1   0           -1.28741 
     33           H6          Sc2      2.88838       0   0   0           -0.01199 
     34           H6          Sc2      2.03243       0   0   1           -0.79245 
     35           H7          Sc2      1.84438       0   0   1           -1.38443 
     36           H8          Sc2      2.88839       0   0   0           -0.01195 
     37           H8          Sc2      2.03239       0   0   1           -0.79110 
     38           H9          Sc2      2.03243       0   0   0           -0.79130 
     39           H9          Sc2      2.88839       0   0   1           -0.01192 
     40          H10          Sc2      2.03239       0   0   0           -0.79265 
     41          H10          Sc2      2.88840       0   0   1           -0.01201 
     42          H11          Sc2      1.84438       0   0   0           -1.38482 
     43          H12          Sc2      1.84656      -1   0   0           -1.20330 
     44          H12          Sc2      1.82657       0   1   0           -1.28873 
     45          H13          Sc2      1.84657       0   0   0           -1.20141 
     46          H13          Sc2      1.82656       0   1   0           -1.28818 
     47          H14          Sc2      1.82686      -1   0   0           -1.42526 
     48          H14          Sc2      1.82688       0   0   0           -1.42534 
     49           H4           H3      2.98389      -1  -1   0           -0.00054 
     50           H4           H3      1.76924       0  -1   0           -0.05858 
     51           H4           H3      1.79395       0   0   0           -0.09135 
     52           H5           H3      1.68631       0   0   0           -0.14783 
     53           H5           H3      1.73747       1   0   0           -0.04398 
     54           H6           H3      2.93546       0  -1   0            0.00123 
     55           H6           H3      2.96512       1  -1   0           -0.00227 
     56           H6           H3      2.93545       0  -1   1            0.00121 
     57           H6           H3      2.96511       1  -1   1           -0.00210 
     58           H7           H3      2.60421       1   0   0           -0.02387 
     59           H7           H3      2.31085       1   0   1           -0.04375 
     60           H8           H3      2.40275       0  -1   0           -0.04841 
     61           H8           H3      2.40271       0  -1   1           -0.04782 
     62           H9           H3      2.30382       0  -1   0           -0.00108 
     63           H9           H3      2.34149       1  -1   0           -0.00774 
     64           H9           H3      2.52179       1   0   0            0.00039 
     65          H10           H3      1.56963       0  -1   0           -0.34238 
     66          H11           H3      2.86207       0  -1   0           -0.00095 
     67          H11           H3      2.84844       0   0   0           -0.00336 
     68          H11           H3      1.52962       1   0   0           -0.37787 
     69          H12           H3      0.95009       0   0   0           -3.08066 
     70          H13           H3      1.93555       0   0   0           -0.00571 
     71          H13           H3      1.98028       1   0   0            0.00397 
     72          H14           H3      2.08372       0  -1   0            0.00414 
     73          H14           H3      2.10475       0   0   0           -0.00674 
     74           H5           H4      1.79403       0   0   0           -0.09148 
     75           H5           H4      2.98391       0   1   0           -0.00058 
     76           H5           H4      1.76918       1   1   0           -0.05827 
     77           H6           H4      2.31085       1   0   0           -0.04503 
     78           H6           H4      2.60421       1   0   1           -0.02358 
     79           H7           H4      2.96389       0   0   0            0.00006 
     80           H7           H4      2.96378       1   0   0            0.00007 
     81           H7           H4      2.96389       0   0   1            0.00006 
     82           H7           H4      2.96378       1   0   1            0.00008 
     83           H8           H4      2.31092       0   0   0           -0.04456 
     84           H8           H4      2.60423       0   0   1           -0.02333 
     85           H9           H4      2.86207       0  -1   0           -0.00100 
     86           H9           H4      2.84844       0   0   0           -0.00342 
     87           H9           H4      1.52962       1   0   0           -0.37690 
     88          H10           H4      2.86199       0  -1   0           -0.00092 
     89          H10           H4      1.52967       0   0   0           -0.37622 
     90          H10           H4      2.84835       1   0   0           -0.00342 
     91          H11           H4      2.18111       0   0   0           -0.01148 
     92          H11           H4      2.18096       1   0   0           -0.01145 
     93          H11           H4      2.33608       1   1   0           -0.02025 
     94          H12           H4      2.10475       0   0   0           -0.00661 
     95          H12           H4      2.08372       0   1   0            0.00405 
     96          H13           H4      2.10482       0   0   0           -0.00679 
     97          H13           H4      2.08369       1   1   0            0.00414 
     98          H14           H4      1.27534       0   0   0           -1.05431 
     99           H6           H5      2.40271       0  -1   0           -0.04859 
    100           H6           H5      2.40275       0  -1   1           -0.04795 
    101           H7           H5      2.60423       0   0   0           -0.02415 
    102           H7           H5      2.31092       0   0   1           -0.04427 
    103           H8           H5      2.96512      -1  -1   0           -0.00224 
    104           H8           H5      2.93541       0  -1   0            0.00126 
    105           H8           H5      2.96512      -1  -1   1           -0.00209 
    106           H8           H5      2.93541       0  -1   1            0.00123 
    107           H9           H5      1.56963       0  -1   0           -0.34284 
    108          H10           H5      2.34147      -1  -1   0           -0.00797 
    109          H10           H5      2.30373       0  -1   0           -0.00097 
    110          H10           H5      2.52183       0   0   0            0.00039 
    111          H11           H5      2.86199       0  -1   0           -0.00098 
    112          H11           H5      1.52967       0   0   0           -0.37640 
    113          H11           H5      2.84835       1   0   0           -0.00348 
    114          H12           H5      1.98028      -1   0   0            0.00390 
    115          H12           H5      1.93555       0   0   0           -0.00612 
    116          H13           H5      0.95014       0   0   0           -3.08015 
    117          H14           H5      2.08369      -1  -1   0            0.00405 
    118          H14           H5      2.10482       0   0   0           -0.00662 
    119           H7           H6      1.79395       0   0   0           -0.09379 
    120           H7           H6      1.76924       0   1   0           -0.05783 
    121           H7           H6      2.98389       1   1   0           -0.00055 
    122           H8           H6      1.73747      -1   0   0           -0.04346 
    123           H8           H6      1.68631       0   0   0           -0.14590 
    124           H9           H6      0.95009       0   0   0           -3.09728 
    125          H10           H6      1.98028      -1   0   0            0.00377 
    126          H10           H6      1.93555       0   0   0           -0.00581 
    127          H11           H6      2.10475       0   0   0           -0.00717 
    128          H11           H6      2.08372       0   1   0            0.00391 
    129          H12           H6      2.52179      -1   0  -1            0.00040 
    130          H12           H6      2.34149      -1   1  -1           -0.00790 
    131          H12           H6      2.30382       0   1  -1           -0.00101 
    132          H13           H6      1.56963       0   1  -1           -0.34208 
    133          H14           H6      1.52962      -1   0  -1           -0.37639 
    134          H14           H6      2.84844       0   0  -1           -0.00342 
    135          H14           H6      2.86207       0   1  -1           -0.00092 
    136           H8           H7      1.76918      -1  -1   0           -0.05815 
    137           H8           H7      2.98391       0  -1   0           -0.00053 
    138           H8           H7      1.79403       0   0   0           -0.09405 
    139           H9           H7      2.08373       0  -1   0            0.00402 
    140           H9           H7      2.10475       0   0   0           -0.00668 
    141          H10           H7      2.08369      -1  -1   0            0.00391 
    142          H10           H7      2.10483       0   0   0           -0.00717 
    143          H11           H7      1.27534       0   0   0           -1.07257 
    144          H12           H7      1.52962      -1   0  -1           -0.37654 
    145          H12           H7      2.84844       0   0  -1           -0.00348 
    146          H12           H7      2.86207       0   1  -1           -0.00099 
    147          H13           H7      2.84835      -1   0  -1           -0.00334 
    148          H13           H7      1.52967       0   0  -1           -0.37781 
    149          H13           H7      2.86199       0   1  -1           -0.00094 
    150          H14           H7      2.33608      -1  -1  -1           -0.02027 
    151          H14           H7      2.18096      -1   0  -1           -0.01150 
    152          H14           H7      2.18111       0   0  -1           -0.01142 
    153           H9           H8      1.93555       0   0   0           -0.00590 
    154           H9           H8      1.98028       1   0   0            0.00379 
    155          H10           H8      0.95014       0   0   0           -3.09694 
    156          H11           H8      2.10482       0   0   0           -0.00673 
    157          H11           H8      2.08369       1   1   0            0.00401 
    158          H12           H8      1.56963       0   1  -1           -0.34256 
    159          H13           H8      2.52183       0   0  -1            0.00038 
    160          H13           H8      2.30373       0   1  -1           -0.00106 
    161          H13           H8      2.34147       1   1  -1           -0.00779 
    162          H14           H8      2.84835      -1   0  -1           -0.00340 
    163          H14           H8      1.52967       0   0  -1           -0.37674 
    164          H14           H8      2.86199       0   1  -1           -0.00099 
    165          H10           H9      1.73747      -1   0   0           -0.04356 
    166          H10           H9      1.68631       0   0   0           -0.14618 
    167          H11           H9      1.79395       0   0   0           -0.09410 
    168          H11           H9      1.76924       0   1   0           -0.05809 
    169          H11           H9      2.98389       1   1   0           -0.00054 
    170          H12           H9      2.96512      -1   1  -1           -0.00224 
    171          H12           H9      2.93546       0   1  -1            0.00127 
    172          H12           H9      2.96511      -1   1   0           -0.00208 
    173          H12           H9      2.93546       0   1   0            0.00125 
    174          H13           H9      2.40271       0   1  -1           -0.04854 
    175          H13           H9      2.40275       0   1   0           -0.04788 
    176          H14           H9      2.31085      -1   0  -1           -0.04457 
    177          H14           H9      2.60421      -1   0   0           -0.02333 
    178          H11          H10      1.79403       0   0   0           -0.09380 
    179          H11          H10      2.98391       0   1   0           -0.00055 
    180          H11          H10      1.76918       1   1   0           -0.05785 
    181          H12          H10      2.40275       0   1  -1           -0.04869 
    182          H12          H10      2.40271       0   1   0           -0.04809 
    183          H13          H10      2.93541       0   1  -1            0.00132 
    184          H13          H10      2.96512       1   1  -1           -0.00224 
    185          H13          H10      2.93541       0   1   0            0.00130 
    186          H13          H10      2.96512       1   1   0           -0.00206 
    187          H14          H10      2.31092       0   0  -1           -0.04509 
    188          H14          H10      2.60423       0   0   0           -0.02362 
    189          H12          H11      2.60421      -1   0  -1           -0.02422 
    190          H12          H11      2.31085      -1   0   0           -0.04434 
    191          H13          H11      2.60423       0   0  -1           -0.02393 
    192          H13          H11      2.31092       0   0   0           -0.04386 
    193          H14          H11      2.96378      -1   0  -1            0.00007 
    194          H14          H11      2.96389       0   0  -1            0.00009 
    195          H14          H11      2.96378      -1   0   0            0.00008 
    196          H14          H11      2.96388       0   0   0            0.00010 
    197          H13          H12      1.68631       0   0   0           -0.14762 
    198          H13          H12      1.73747       1   0   0           -0.04388 
    199          H14          H12      2.98389      -1  -1   0           -0.00057 
    200          H14          H12      1.76924       0  -1   0           -0.05825 
    201          H14          H12      1.79395       0   0   0           -0.09162 
    202          H14          H13      1.76918      -1  -1   0           -0.05869 
    203          H14          H13      2.98391       0  -1   0           -0.00054 
    204          H14          H13      1.79403       0   0   0           -0.09140 
