  COBI#       atomMU       atomNU     distance     translation      ICOBI (at) eF   for spin  1
      1          Sc2          Sc1      2.95317       0   0  -1            0.09225 
      2          Sc2          Sc1      2.95326       1   0  -1            0.09226 
      3          Sc2          Sc1      2.95317       0   0   0            0.09231 
      4          Sc2          Sc1      2.95326       1   0   0            0.09229 
      5           H3          Sc1      2.88838       0   0  -1            0.00346 
      6           H3          Sc1      2.03243       0   0   0            0.10278 
      7           H4          Sc1      1.84438       0   0   0            0.20368 
      8           H5          Sc1      2.88839       0   0  -1            0.00346 
      9           H5          Sc1      2.03239       0   0   0            0.10278 
     10           H6          Sc1      1.82657       0  -1   0            0.16868 
     11           H6          Sc1      1.84656       1   0   0            0.15377 
     12           H7          Sc1      1.82688       0   0   0            0.19512 
     13           H7          Sc1      1.82686       1   0   0            0.19520 
     14           H8          Sc1      1.82656       0  -1   0            0.16861 
     15           H8          Sc1      1.84656       0   0   0            0.15381 
     16           H9          Sc1      1.82657       0  -1   0            0.16859 
     17           H9          Sc1      1.84656       1   0   0            0.15372 
     18          H10          Sc1      1.82656       0  -1   0            0.16869 
     19          H10          Sc1      1.84657       0   0   0            0.15377 
     20          H11          Sc1      1.82688       0   0   0            0.19525 
     21          H11          Sc1      1.82686       1   0   0            0.19506 
     22          H12          Sc1      2.03243       0   0  -1            0.10275 
     23          H12          Sc1      2.88839       0   0   0            0.00346 
     24          H13          Sc1      2.03239       0   0  -1            0.10274 
     25          H13          Sc1      2.88839       0   0   0            0.00346 
     26          H14          Sc1      1.84438       0   0  -1            0.20366 
     27           H3          Sc2      1.84656      -1   0   0            0.15386 
     28           H3          Sc2      1.82657       0   1   0            0.16972 
     29           H4          Sc2      1.82686      -1   0   0            0.19573 
     30           H4          Sc2      1.82688       0   0   0            0.19588 
     31           H5          Sc2      1.84656       0   0   0            0.15391 
     32           H5          Sc2      1.82656       0   1   0            0.16982 
     33           H6          Sc2      2.88838       0   0   0            0.00352 
     34           H6          Sc2      2.03243       0   0   1            0.10195 
     35           H7          Sc2      1.84438       0   0   1            0.20315 
     36           H8          Sc2      2.88839       0   0   0            0.00351 
     37           H8          Sc2      2.03239       0   0   1            0.10197 
     38           H9          Sc2      2.03243       0   0   0            0.10199 
     39           H9          Sc2      2.88839       0   0   1            0.00351 
     40          H10          Sc2      2.03239       0   0   0            0.10197 
     41          H10          Sc2      2.88840       0   0   1            0.00352 
     42          H11          Sc2      1.84438       0   0   0            0.20316 
     43          H12          Sc2      1.84656      -1   0   0            0.15393 
     44          H12          Sc2      1.82657       0   1   0            0.16984 
     45          H13          Sc2      1.84657       0   0   0            0.15395 
     46          H13          Sc2      1.82656       0   1   0            0.16978 
     47          H14          Sc2      1.82686      -1   0   0            0.19581 
     48          H14          Sc2      1.82688       0   0   0            0.19579 
     49           H4           H3      2.98389      -1  -1   0            0.00004 
     50           H4           H3      1.76924       0  -1   0            0.00383 
     51           H4           H3      1.79395       0   0   0            0.00840 
     52           H5           H3      1.68631       0   0   0            0.01228 
     53           H5           H3      1.73747       1   0   0            0.00208 
     54           H6           H3      2.93546       0  -1   0            0.00156 
     55           H6           H3      2.96512       1  -1   0            0.00015 
     56           H6           H3      2.93545       0  -1   1            0.00152 
     57           H6           H3      2.96511       1  -1   1            0.00013 
     58           H7           H3      2.60421       1   0   0            0.00513 
     59           H7           H3      2.31085       1   0   1            0.01056 
     60           H8           H3      2.40275       0  -1   0            0.00888 
     61           H8           H3      2.40271       0  -1   1            0.00872 
     62           H9           H3      2.30382       0  -1   0            0.00094 
     63           H9           H3      2.34149       1  -1   0            0.00261 
     64           H9           H3      2.52179       1   0   0            0.00007 
     65          H10           H3      1.56963       0  -1   0            0.03165 
     66          H11           H3      2.86207       0  -1   0            0.00012 
     67          H11           H3      2.84844       0   0   0            0.00064 
     68          H11           H3      1.52962       1   0   0            0.03620 
     69          H12           H3      0.95009       0   0   0            0.32879 
     70          H13           H3      1.93555       0   0   0            0.00864 
     71          H13           H3      1.98028       1   0   0            0.00060 
     72          H14           H3      2.08372       0  -1   0            0.00081 
     73          H14           H3      2.10475       0   0   0            0.00638 
     74           H5           H4      1.79403       0   0   0            0.00842 
     75           H5           H4      2.98391       0   1   0            0.00004 
     76           H5           H4      1.76918       1   1   0            0.00382 
     77           H6           H4      2.31085       1   0   0            0.01088 
     78           H6           H4      2.60421       1   0   1            0.00495 
     79           H7           H4      2.96389       0   0   0            0.00039 
     80           H7           H4      2.96378       1   0   0            0.00039 
     81           H7           H4      2.96389       0   0   1            0.00045 
     82           H7           H4      2.96378       1   0   1            0.00045 
     83           H8           H4      2.31092       0   0   0            0.01084 
     84           H8           H4      2.60423       0   0   1            0.00495 
     85           H9           H4      2.86207       0  -1   0            0.00012 
     86           H9           H4      2.84844       0   0   0            0.00064 
     87           H9           H4      1.52962       1   0   0            0.03607 
     88          H10           H4      2.86199       0  -1   0            0.00011 
     89          H10           H4      1.52967       0   0   0            0.03603 
     90          H10           H4      2.84835       1   0   0            0.00064 
     91          H11           H4      2.18111       0   0   0            0.00140 
     92          H11           H4      2.18096       1   0   0            0.00140 
     93          H11           H4      2.33608       1   1   0            0.00635 
     94          H12           H4      2.10475       0   0   0            0.00636 
     95          H12           H4      2.08372       0   1   0            0.00081 
     96          H13           H4      2.10482       0   0   0            0.00638 
     97          H13           H4      2.08369       1   1   0            0.00081 
     98          H14           H4      1.27534       0   0   0            0.11489 
     99           H6           H5      2.40271       0  -1   0            0.00885 
    100           H6           H5      2.40275       0  -1   1            0.00869 
    101           H7           H5      2.60423       0   0   0            0.00514 
    102           H7           H5      2.31092       0   0   1            0.01062 
    103           H8           H5      2.96512      -1  -1   0            0.00014 
    104           H8           H5      2.93541       0  -1   0            0.00156 
    105           H8           H5      2.96512      -1  -1   1            0.00013 
    106           H8           H5      2.93541       0  -1   1            0.00153 
    107           H9           H5      1.56963       0  -1   0            0.03167 
    108          H10           H5      2.34147      -1  -1   0            0.00262 
    109          H10           H5      2.30373       0  -1   0            0.00094 
    110          H10           H5      2.52183       0   0   0            0.00007 
    111          H11           H5      2.86199       0  -1   0            0.00012 
    112          H11           H5      1.52967       0   0   0            0.03607 
    113          H11           H5      2.84835       1   0   0            0.00064 
    114          H12           H5      1.98028      -1   0   0            0.00061 
    115          H12           H5      1.93555       0   0   0            0.00861 
    116          H13           H5      0.95014       0   0   0            0.32870 
    117          H14           H5      2.08369      -1  -1   0            0.00080 
    118          H14           H5      2.10482       0   0   0            0.00637 
    119           H7           H6      1.79395       0   0   0            0.00874 
    120           H7           H6      1.76924       0   1   0            0.00377 
    121           H7           H6      2.98389       1   1   0            0.00004 
    122           H8           H6      1.73747      -1   0   0            0.00204 
    123           H8           H6      1.68631       0   0   0            0.01206 
    124           H9           H6      0.95009       0   0   0            0.33133 
    125          H10           H6      1.98028      -1   0   0            0.00057 
    126          H10           H6      1.93555       0   0   0            0.00843 
    127          H11           H6      2.10475       0   0   0            0.00675 
    128          H11           H6      2.08372       0   1   0            0.00077 
    129          H12           H6      2.52179      -1   0  -1            0.00007 
    130          H12           H6      2.34149      -1   1  -1            0.00261 
    131          H12           H6      2.30382       0   1  -1            0.00094 
    132          H13           H6      1.56963       0   1  -1            0.03162 
    133          H14           H6      1.52962      -1   0  -1            0.03605 
    134          H14           H6      2.84844       0   0  -1            0.00064 
    135          H14           H6      2.86207       0   1  -1            0.00011 
    136           H8           H7      1.76918      -1  -1   0            0.00379 
    137           H8           H7      2.98391       0  -1   0            0.00004 
    138           H8           H7      1.79403       0   0   0            0.00874 
    139           H9           H7      2.08373       0  -1   0            0.00076 
    140           H9           H7      2.10475       0   0   0            0.00672 
    141          H10           H7      2.08369      -1  -1   0            0.00077 
    142          H10           H7      2.10483       0   0   0            0.00675 
    143          H11           H7      1.27534       0   0   0            0.11792 
    144          H12           H7      1.52962      -1   0  -1            0.03608 
    145          H12           H7      2.84844       0   0  -1            0.00064 
    146          H12           H7      2.86207       0   1  -1            0.00012 
    147          H13           H7      2.84835      -1   0  -1            0.00064 
    148          H13           H7      1.52967       0   0  -1            0.03618 
    149          H13           H7      2.86199       0   1  -1            0.00012 
    150          H14           H7      2.33608      -1  -1  -1            0.00636 
    151          H14           H7      2.18096      -1   0  -1            0.00140 
    152          H14           H7      2.18111       0   0  -1            0.00139 
    153           H9           H8      1.93555       0   0   0            0.00846 
    154           H9           H8      1.98028       1   0   0            0.00058 
    155          H10           H8      0.95014       0   0   0            0.33124 
    156          H11           H8      2.10482       0   0   0            0.00672 
    157          H11           H8      2.08369       1   1   0            0.00076 
    158          H12           H8      1.56963       0   1  -1            0.03165 
    159          H13           H8      2.52183       0   0  -1            0.00007 
    160          H13           H8      2.30373       0   1  -1            0.00094 
    161          H13           H8      2.34147       1   1  -1            0.00260 
    162          H14           H8      2.84835      -1   0  -1            0.00064 
    163          H14           H8      1.52967       0   0  -1            0.03605 
    164          H14           H8      2.86199       0   1  -1            0.00012 
    165          H10           H9      1.73747      -1   0   0            0.00205 
    166          H10           H9      1.68631       0   0   0            0.01207 
    167          H11           H9      1.79395       0   0   0            0.00875 
    168          H11           H9      1.76924       0   1   0            0.00378 
    169          H11           H9      2.98389       1   1   0            0.00004 
    170          H12           H9      2.96512      -1   1  -1            0.00014 
    171          H12           H9      2.93546       0   1  -1            0.00157 
    172          H12           H9      2.96511      -1   1   0            0.00013 
    173          H12           H9      2.93546       0   1   0            0.00153 
    174          H13           H9      2.40271       0   1  -1            0.00887 
    175          H13           H9      2.40275       0   1   0            0.00871 
    176          H14           H9      2.31085      -1   0  -1            0.01084 
    177          H14           H9      2.60421      -1   0   0            0.00495 
    178          H11          H10      1.79403       0   0   0            0.00874 
    179          H11          H10      2.98391       0   1   0            0.00004 
    180          H11          H10      1.76918       1   1   0            0.00377 
    181          H12          H10      2.40275       0   1  -1            0.00884 
    182          H12          H10      2.40271       0   1   0            0.00868 
    183          H13          H10      2.93541       0   1  -1            0.00157 
    184          H13          H10      2.96512       1   1  -1            0.00015 
    185          H13          H10      2.93541       0   1   0            0.00153 
    186          H13          H10      2.96512       1   1   0            0.00013 
    187          H14          H10      2.31092       0   0  -1            0.01089 
    188          H14          H10      2.60423       0   0   0            0.00496 
    189          H12          H11      2.60421      -1   0  -1            0.00515 
    190          H12          H11      2.31085      -1   0   0            0.01062 
    191          H13          H11      2.60423       0   0  -1            0.00513 
    192          H13          H11      2.31092       0   0   0            0.01056 
    193          H14          H11      2.96378      -1   0  -1            0.00039 
    194          H14          H11      2.96389       0   0  -1            0.00039 
    195          H14          H11      2.96378      -1   0   0            0.00045 
    196          H14          H11      2.96388       0   0   0            0.00045 
    197          H13          H12      1.68631       0   0   0            0.01225 
    198          H13          H12      1.73747       1   0   0            0.00207 
    199          H14          H12      2.98389      -1  -1   0            0.00004 
    200          H14          H12      1.76924       0  -1   0            0.00382 
    201          H14          H12      1.79395       0   0   0            0.00842 
    202          H14          H13      1.76918      -1  -1   0            0.00384 
    203          H14          H13      2.98391       0  -1   0            0.00004 
    204          H14          H13      1.79403       0   0   0            0.00839 
