  COOP#       atomMU       atomNU     distance     translation      ICOOP (at) eF   for spin  1
      1          Sc2          Sc1      2.95317       0   0  -1            0.02059 
      2          Sc2          Sc1      2.95326       1   0  -1            0.02051 
      3          Sc2          Sc1      2.95317       0   0   0            0.02061 
      4          Sc2          Sc1      2.95326       1   0   0            0.02054 
      5           H3          Sc1      2.88838       0   0  -1           -0.03628 
      6           H3          Sc1      2.03243       0   0   0            0.04421 
      7           H4          Sc1      1.84438       0   0   0            0.09920 
      8           H5          Sc1      2.88839       0   0  -1           -0.03620 
      9           H5          Sc1      2.03239       0   0   0            0.04406 
     10           H6          Sc1      1.82657       0  -1   0            0.06737 
     11           H6          Sc1      1.84656       1   0   0            0.05414 
     12           H7          Sc1      1.82688       0   0   0            0.08234 
     13           H7          Sc1      1.82686       1   0   0            0.08217 
     14           H8          Sc1      1.82656       0  -1   0            0.06723 
     15           H8          Sc1      1.84656       0   0   0            0.05422 
     16           H9          Sc1      1.82657       0  -1   0            0.06719 
     17           H9          Sc1      1.84656       1   0   0            0.05401 
     18          H10          Sc1      1.82656       0  -1   0            0.06733 
     19          H10          Sc1      1.84657       0   0   0            0.05430 
     20          H11          Sc1      1.82688       0   0   0            0.08238 
     21          H11          Sc1      1.82686       1   0   0            0.08211 
     22          H12          Sc1      2.03243       0   0  -1            0.04420 
     23          H12          Sc1      2.88839       0   0   0           -0.03623 
     24          H13          Sc1      2.03239       0   0  -1            0.04402 
     25          H13          Sc1      2.88839       0   0   0           -0.03620 
     26          H14          Sc1      1.84438       0   0  -1            0.09922 
     27           H3          Sc2      1.84656      -1   0   0            0.05404 
     28           H3          Sc2      1.82657       0   1   0            0.06780 
     29           H4          Sc2      1.82686      -1   0   0            0.08257 
     30           H4          Sc2      1.82688       0   0   0            0.08291 
     31           H5          Sc2      1.84656       0   0   0            0.05428 
     32           H5          Sc2      1.82656       0   1   0            0.06795 
     33           H6          Sc2      2.88838       0   0   0           -0.03626 
     34           H6          Sc2      2.03243       0   0   1            0.04363 
     35           H7          Sc2      1.84438       0   0   1            0.09936 
     36           H8          Sc2      2.88839       0   0   0           -0.03621 
     37           H8          Sc2      2.03239       0   0   1            0.04348 
     38           H9          Sc2      2.03243       0   0   0            0.04367 
     39           H9          Sc2      2.88839       0   0   1           -0.03627 
     40          H10          Sc2      2.03239       0   0   0            0.04350 
     41          H10          Sc2      2.88840       0   0   1           -0.03623 
     42          H11          Sc2      1.84438       0   0   0            0.09933 
     43          H12          Sc2      1.84656      -1   0   0            0.05414 
     44          H12          Sc2      1.82657       0   1   0            0.06800 
     45          H13          Sc2      1.84657       0   0   0            0.05423 
     46          H13          Sc2      1.82656       0   1   0            0.06787 
     47          H14          Sc2      1.82686      -1   0   0            0.08261 
     48          H14          Sc2      1.82688       0   0   0            0.08289 
     49           H4           H3      2.98389      -1  -1   0            0.00047 
     50           H4           H3      1.76924       0  -1   0           -0.02082 
     51           H4           H3      1.79395       0   0   0           -0.01059 
     52           H5           H3      1.68631       0   0   0            0.00673 
     53           H5           H3      1.73747       1   0   0           -0.02969 
     54           H6           H3      2.93546       0  -1   0           -0.00335 
     55           H6           H3      2.96512       1  -1   0            0.00489 
     56           H6           H3      2.93545       0  -1   1           -0.00319 
     57           H6           H3      2.96511       1  -1   1            0.00505 
     58           H7           H3      2.60421       1   0   0           -0.01446 
     59           H7           H3      2.31085       1   0   1           -0.03578 
     60           H8           H3      2.40275       0  -1   0           -0.03054 
     61           H8           H3      2.40271       0  -1   1           -0.02998 
     62           H9           H3      2.30382       0  -1   0            0.00010 
     63           H9           H3      2.34149       1  -1   0           -0.01287 
     64           H9           H3      2.52179       1   0   0           -0.00155 
     65          H10           H3      1.56963       0  -1   0            0.01407 
     66          H11           H3      2.86207       0  -1   0           -0.00052 
     67          H11           H3      2.84844       0   0   0           -0.00269 
     68          H11           H3      1.52962       1   0   0            0.00046 
     69          H12           H3      0.95009       0   0   0            0.19645 
     70          H13           H3      1.93555       0   0   0           -0.07999 
     71          H13           H3      1.98028       1   0   0           -0.02466 
     72          H14           H3      2.08372       0  -1   0           -0.02153 
     73          H14           H3      2.10475       0   0   0           -0.04276 
     74           H5           H4      1.79403       0   0   0           -0.01052 
     75           H5           H4      2.98391       0   1   0            0.00045 
     76           H5           H4      1.76918       1   1   0           -0.02092 
     77           H6           H4      2.31085       1   0   0           -0.03669 
     78           H6           H4      2.60421       1   0   1           -0.01392 
     79           H7           H4      2.96389       0   0   0            0.00063 
     80           H7           H4      2.96378       1   0   0            0.00065 
     81           H7           H4      2.96389       0   0   1            0.00034 
     82           H7           H4      2.96378       1   0   1            0.00031 
     83           H8           H4      2.31092       0   0   0           -0.03658 
     84           H8           H4      2.60423       0   0   1           -0.01393 
     85           H9           H4      2.86207       0  -1   0           -0.00050 
     86           H9           H4      2.84844       0   0   0           -0.00270 
     87           H9           H4      1.52962       1   0   0            0.00007 
     88          H10           H4      2.86199       0  -1   0           -0.00044 
     89          H10           H4      1.52967       0   0   0           -0.00012 
     90          H10           H4      2.84835       1   0   0           -0.00269 
     91          H11           H4      2.18111       0   0   0           -0.01033 
     92          H11           H4      2.18096       1   0   0           -0.01040 
     93          H11           H4      2.33608       1   1   0           -0.01642 
     94          H12           H4      2.10475       0   0   0           -0.04270 
     95          H12           H4      2.08372       0   1   0           -0.02154 
     96          H13           H4      2.10482       0   0   0           -0.04276 
     97          H13           H4      2.08369       1   1   0           -0.02155 
     98          H14           H4      1.27534       0   0   0            0.02553 
     99           H6           H5      2.40271       0  -1   0           -0.03049 
    100           H6           H5      2.40275       0  -1   1           -0.02993 
    101           H7           H5      2.60423       0   0   0           -0.01446 
    102           H7           H5      2.31092       0   0   1           -0.03590 
    103           H8           H5      2.96512      -1  -1   0            0.00491 
    104           H8           H5      2.93541       0  -1   0           -0.00334 
    105           H8           H5      2.96512      -1  -1   1            0.00504 
    106           H8           H5      2.93541       0  -1   1           -0.00322 
    107           H9           H5      1.56963       0  -1   0            0.01413 
    108          H10           H5      2.34147      -1  -1   0           -0.01289 
    109          H10           H5      2.30373       0  -1   0            0.00007 
    110          H10           H5      2.52183       0   0   0           -0.00163 
    111          H11           H5      2.86199       0  -1   0           -0.00050 
    112          H11           H5      1.52967       0   0   0            0.00011 
    113          H11           H5      2.84835       1   0   0           -0.00270 
    114          H12           H5      1.98028      -1   0   0           -0.02470 
    115          H12           H5      1.93555       0   0   0           -0.07994 
    116          H13           H5      0.95014       0   0   0            0.19629 
    117          H14           H5      2.08369      -1  -1   0           -0.02149 
    118          H14           H5      2.10482       0   0   0           -0.04272 
    119           H7           H6      1.79395       0   0   0           -0.00845 
    120           H7           H6      1.76924       0   1   0           -0.02132 
    121           H7           H6      2.98389       1   1   0            0.00049 
    122           H8           H6      1.73747      -1   0   0           -0.03020 
    123           H8           H6      1.68631       0   0   0            0.00529 
    124           H9           H6      0.95009       0   0   0            0.20314 
    125          H10           H6      1.98028      -1   0   0           -0.02397 
    126          H10           H6      1.93555       0   0   0           -0.07888 
    127          H11           H6      2.10475       0   0   0           -0.04457 
    128          H11           H6      2.08372       0   1   0           -0.02107 
    129          H12           H6      2.52179      -1   0  -1           -0.00159 
    130          H12           H6      2.34149      -1   1  -1           -0.01285 
    131          H12           H6      2.30382       0   1  -1            0.00009 
    132          H13           H6      1.56963       0   1  -1            0.01399 
    133          H14           H6      1.52962      -1   0  -1           -0.00008 
    134          H14           H6      2.84844       0   0  -1           -0.00269 
    135          H14           H6      2.86207       0   1  -1           -0.00045 
    136           H8           H7      1.76918      -1  -1   0           -0.02123 
    137           H8           H7      2.98391       0  -1   0            0.00050 
    138           H8           H7      1.79403       0   0   0           -0.00843 
    139           H9           H7      2.08373       0  -1   0           -0.02100 
    140           H9           H7      2.10475       0   0   0           -0.04451 
    141          H10           H7      2.08369      -1  -1   0           -0.02102 
    142          H10           H7      2.10483       0   0   0           -0.04459 
    143          H11           H7      1.27534       0   0   0            0.03331 
    144          H12           H7      1.52962      -1   0  -1            0.00013 
    145          H12           H7      2.84844       0   0  -1           -0.00269 
    146          H12           H7      2.86207       0   1  -1           -0.00051 
    147          H13           H7      2.84835      -1   0  -1           -0.00268 
    148          H13           H7      1.52967       0   0  -1            0.00039 
    149          H13           H7      2.86199       0   1  -1           -0.00052 
    150          H14           H7      2.33608      -1  -1  -1           -0.01643 
    151          H14           H7      2.18096      -1   0  -1           -0.01032 
    152          H14           H7      2.18111       0   0  -1           -0.01041 
    153           H9           H8      1.93555       0   0   0           -0.07894 
    154           H9           H8      1.98028       1   0   0           -0.02402 
    155          H10           H8      0.95014       0   0   0            0.20300 
    156          H11           H8      2.10482       0   0   0           -0.04450 
    157          H11           H8      2.08369       1   1   0           -0.02101 
    158          H12           H8      1.56963       0   1  -1            0.01406 
    159          H13           H8      2.52183       0   0  -1           -0.00153 
    160          H13           H8      2.30373       0   1  -1            0.00012 
    161          H13           H8      2.34147       1   1  -1           -0.01283 
    162          H14           H8      2.84835      -1   0  -1           -0.00269 
    163          H14           H8      1.52967       0   0  -1           -0.00001 
    164          H14           H8      2.86199       0   1  -1           -0.00050 
    165          H10           H9      1.73747      -1   0   0           -0.03017 
    166          H10           H9      1.68631       0   0   0            0.00534 
    167          H11           H9      1.79395       0   0   0           -0.00841 
    168          H11           H9      1.76924       0   1   0           -0.02124 
    169          H11           H9      2.98389       1   1   0            0.00050 
    170          H12           H9      2.96512      -1   1  -1            0.00490 
    171          H12           H9      2.93546       0   1  -1           -0.00334 
    172          H12           H9      2.96511      -1   1   0            0.00504 
    173          H12           H9      2.93546       0   1   0           -0.00322 
    174          H13           H9      2.40271       0   1  -1           -0.03053 
    175          H13           H9      2.40275       0   1   0           -0.02997 
    176          H14           H9      2.31085      -1   0  -1           -0.03658 
    177          H14           H9      2.60421      -1   0   0           -0.01393 
    178          H11          H10      1.79403       0   0   0           -0.00846 
    179          H11          H10      2.98391       0   1   0            0.00048 
    180          H11          H10      1.76918       1   1   0           -0.02134 
    181          H12          H10      2.40275       0   1  -1           -0.03048 
    182          H12          H10      2.40271       0   1   0           -0.02992 
    183          H13          H10      2.93541       0   1  -1           -0.00336 
    184          H13          H10      2.96512       1   1  -1            0.00489 
    185          H13          H10      2.93541       0   1   0           -0.00321 
    186          H13          H10      2.96512       1   1   0            0.00505 
    187          H14          H10      2.31092       0   0  -1           -0.03668 
    188          H14          H10      2.60423       0   0   0           -0.01393 
    189          H12          H11      2.60421      -1   0  -1           -0.01447 
    190          H12          H11      2.31085      -1   0   0           -0.03592 
    191          H13          H11      2.60423       0   0  -1           -0.01446 
    192          H13          H11      2.31092       0   0   0           -0.03579 
    193          H14          H11      2.96378      -1   0  -1            0.00063 
    194          H14          H11      2.96389       0   0  -1            0.00065 
    195          H14          H11      2.96378      -1   0   0            0.00035 
    196          H14          H11      2.96388       0   0   0            0.00031 
    197          H13          H12      1.68631       0   0   0            0.00659 
    198          H13          H12      1.73747       1   0   0           -0.02977 
    199          H14          H12      2.98389      -1  -1   0            0.00047 
    200          H14          H12      1.76924       0  -1   0           -0.02093 
    201          H14          H12      1.79395       0   0   0           -0.01051 
    202          H14          H13      1.76918      -1  -1   0           -0.02081 
    203          H14          H13      2.98391       0  -1   0            0.00047 
    204          H14          H13      1.79403       0   0   0           -0.01063 
